625 45 16
1 86 36
3 0 65
1 10 54
-1 -1 -1
10 4 50
10 5 57
15 49 39
4 66 32
5 13 26
-1 -1 -1
8 59 30
5 10 60
3 83 51
-1 -1 -1
-1 -1 -1
2 86 65
-1 -1 -1
9 24 18
10 65 75
1 25 16
-1 -1 -1
14 13 11
2 14 36
-1 -1 -1
-1 -1 -1
8 58 13
-1 -1 -1
10 72 7
-1 -1 -1
11 30 65
11 68 85
-1 -1 -1
10 63 90
-1 -1 -1
-1 -1 -1
0 0 15
-1 -1 -1
3 21 20
-1 -1 -1
15 47 11
-1 -1 -1
15 77 44
-1 -1 -1
6 63 18
2 97 85
-1 -1 -1
4 73 90
11 8 95
12 46 64
-1 -1 -1
14 22 28
12 33 20
6 97 57
-1 -1 -1
-1 -1 -1
4 45 68
11 0 85
11 22 60
11 33 11
9 0 15
1 12 10
11 71 48
13 86 90
1 98 28
14 68 18
-1 -1 -1
4 37 68
0 63 45
-1 -1 -1
3 87 24
12 83 50
1 20 76
3 53 30
8 0 80
6 87 25
8 20 18
-1 -1 -1
4 92 24
-1 -1 -1
5 5 27
0 58 26
4 58 10
8 27 64
12 21 72
-1 -1 -1
2 44 55
0 52 28
14 8 68
8 49 14
-1 -1 -1
14 39 6
-1 -1 -1
12 0 20
4 4 18
4 9 60
11 5 60
-1 -1 -1
7 57 24
-1 -1 -1
1 79 20
-1 -1 -1
4 10 39
7 62 90
1 35 30
5 70 45
-1 -1 -1
-1 -1 -1
-1 -1 -1
9 92 40
-1 -1 -1
5 93 54
8 41 20
-1 -1 -1
-1 -1 -1
13 79 18
15 18 24
-1 -1 -1
4 32 28
7 93 20
-1 -1 -1
1 62 15
15 87 55
6 34 60
6 0 24
-1 -1 -1
11 84 24
15 7 44
8 92 64
-1 -1 -1
-1 -1 -1
-1 -1 -1
13 96 60
14 55 5
5 42 68
-1 -1 -1
13 28 14
5 50 32
-1 -1 -1
15 32 34
8 17 19
8 39 28
-1 -1 -1
4 24 44
1 28 14
1 0 27
1 55 60
7 77 90
8 35 27
3 46 50
11 38 48
-1 -1 -1
-1 -1 -1
7 75 30
9 43 60
-1 -1 -1
-1 -1 -1
4 29 80
5 68 18
-1 -1 -1
15 84 22
1 67 10
7 21 90
-1 -1 -1
7 87 28
14 92 51
-1 -1 -1
-1 -1 -1
9 46 54
8 84 13
3 78 85
4 83 11
-1 -1 -1
11 93 19
-1 -1 -1
11 80 44
8 32 45
13 18 30
-1 -1 -1
13 0 40
15 34 57
8 9 18
1 74 10
2 29 11
3 91 48
11 35 55
-1 -1 -1
11 43 44
0 93 40
2 37 32
11 52 25
-1 -1 -1
0 37 24
13 95 50
13 5 22
-1 -1 -1
9 79 11
7 81 60
-1 -1 -1
-1 -1 -1
1 49 30
2 88 72
12 6 80
15 92 80
4 0 26
-1 -1 -1
-1 -1 -1
11 90 27
6 15 5
7 86 36
0 87 65
6 43 90
12 10 64
4 17 40
14 89 6
-1 -1 -1
12 26 90
14 87 48
6 27 30
7 30 10
-1 -1 -1
7 4 40
14 28 22
11 18 45
15 52 12
0 97 45
14 49 30
0 35 28
-1 -1 -1
2 89 70
-1 -1 -1
12 28 40
11 7 48
12 64 14
11 31 20
-1 -1 -1
3 38 45
15 39 32
-1 -1 -1
1 5 21
-1 -1 -1
7 19 54
3 19 28
9 83 21
5 32 90
14 32 18
12 23 10
8 74 12
-1 -1 -1
13 64 30
14 16 19
7 44 60
8 14 80
-1 -1 -1
4 50 14
2 28 26
3 48 45
6 59 64
5 56 54
-1 -1 -1
-1 -1 -1
8 87 100
4 54 32
2 40 10
-1 -1 -1
9 90 16
4 97 35
0 32 45
6 52 70
-1 -1 -1
4 64 18
-1 -1 -1
-1 -1 -1
-1 -1 -1
2 78 27
13 23 24
-1 -1 -1
7 26 100
4 81 45
0 92 68
5 90 33
7 67 20
0 70 30
12 43 32
6 72 6
13 92 90
-1 -1 -1
13 49 24
9 37 6
3 95 68
15 53 32
8 15 19
12 42 14
15 65 51
14 95 32
-1 -1 -1
9 47 60
15 20 5
7 49 30
-1 -1 -1
2 58 60
15 76 65
-1 -1 -1
10 88 56
12 4 27
3 13 18
-1 -1 -1
2 4 55
-1 -1 -1
6 47 18
1 32 60
5 72 30
-1 -1 -1
10 9 6
2 83 45
9 13 80
2 62 65
15 62 6
10 31 12
13 52 12
-1 -1 -1
3 58 20
-1 -1 -1
14 44 57
-1 -1 -1
7 0 16
12 55 45
11 54 72
11 86 12
14 26 14
8 55 100
14 79 56
7 35 27
5 16 12
14 84 14
8 21 76
-1 -1 -1
3 27 24
-1 -1 -1
4 47 48
-1 -1 -1
2 0 38
15 5 30
10 26 30
6 76 56
9 29 16
11 72 72
-1 -1 -1
8 31 8
10 53 72
-1 -1 -1
6 44 30
7 27 48
15 71 34
8 72 30
11 91 11
0 29 95
-1 -1 -1
6 55 17
14 3 54
11 9 33
3 5 56
5 45 14
0 98 76
8 53 75
-1 -1 -1
0 79 11
-1 -1 -1
4 90 52
-1 -1 -1
3 7 60
12 39 39
11 55 60
-1 -1 -1
-1 -1 -1
13 40 65
12 18 65
5 87 80
-1 -1 -1
14 94 16
6 80 28
-1 -1 -1
8 44 42
10 83 90
14 60 21
7 6 54
11 28 30
11 74 18
1 40 14
10 91 72
13 60 33
2 16 50
6 67 36
13 88 95
10 12 14
13 37 22
13 32 36
1 59 21
10 18 8
15 9 10
-1 -1 -1
-1 -1 -1
9 8 65
15 43 30
-1 -1 -1
11 45 36
10 69 40
-1 -1 -1
9 55 10
-1 -1 -1
4 87 80
14 73 36
-1 -1 -1
9 71 75
-1 -1 -1
7 58 16
4 12 100
10 49 32
0 48 60
-1 -1 -1
6 93 40
-1 -1 -1
0 74 50
-1 -1 -1
15 97 34
-1 -1 -1
2 24 36
5 96 12
10 58 26
10 75 30
0 85 33
10 14 26
7 53 18
4 21 35
9 82 20
8 63 16
9 66 28
6 10 70
15 14 51
0 4 12
14 64 75
0 16 72
3 67 28
-1 -1 -1
7 39 18
0 19 5
6 41 14
-1 -1 -1
-1 -1 -1
-1 -1 -1
2 74 30
-1 -1 -1
7 83 7
7 10 90
-1 -1 -1
2 12 25
11 29 55
-1 -1 -1
9 7 95
-1 -1 -1
12 69 48
14 75 24
2 49 28
14 53 18
3 23 25
6 19 32
-1 -1 -1
8 68 32
13 58 28
-1 -1 -1
-1 -1 -1
14 37 60
13 84 55
5 51 27
9 14 44
13 99 33
-1 -1 -1
4 72 8
3 79 18
8 69 48
13 31 13
-1 -1 -1
0 81 16
-1 -1 -1
3 24 19
-1 -1 -1
0 11 95
2 9 60
8 52 20
-1 -1 -1
6 38 35
3 17 16
-1 -1 -1
15 0 24
-1 -1 -1
13 13 40
-1 -1 -1
-1 -1 -1
-1 -1 -1
8 79 68
3 89 16
0 61 18
2 80 33
6 92 70
4 77 45
6 9 39
-1 -1 -1
-1 -1 -1
5 64 8
-1 -1 -1
7 70 22
6 42 40
-1 -1 -1
7 14 75
-1 -1 -1
-1 -1 -1
-1 -1 -1
13 97 90
5 24 16
11 60 60
2 19 28
1 69 16
0 88 30
10 11 17
3 73 52
12 78 5
0 68 95
-1 -1 -1
15 2 12
2 13 10
-1 -1 -1
6 85 30
-1 -1 -1
9 75 36
-1 -1 -1
13 36 42
-1 -1 -1
11 95 19
13 72 22
-1 -1 -1
0 84 34
15 69 28
8 24 75
6 6 32
-1 -1 -1
-1 -1 -1
6 8 51
-1 -1 -1
4 93 32
9 5 15
8 36 85
15 57 60
2 66 16
-1 -1 -1
1 93 48
5 29 10
5 61 56
8 51 10
-1 -1 -1
12 34 25
11 34 18
5 80 24
-1 -1 -1
1 88 60
12 53 17
1 83 18
1 90 45
-1 -1 -1
-1 -1 -1
3 11 18
5 9 20
12 79 33
-1 -1 -1
15 27 32
9 57 32
15 22 60
12 49 60
12 59 36
2 77 15
5 21 18
7 73 76
9 52 24
9 34 9
6 22 20
9 93 34
3 42 60
-1 -1 -1
2 54 32
5 84 16
-1 -1 -1
1 17 48
8 23 33
13 67 34
12 74 65
12 13 60
5 77 36
13 45 18
13 56 40
3 30 15
0 55 85
10 0 18
1 24 56
10 24 33
13 9 35
0 24 40
0 43 60
14 20 24
-1 -1 -1
-1 -1 -1
-1 -1 -1
11 48 10
12 14 36
4 68 45
5 39 30
7 90 48
-1 -1 -1
-1 -1 -1
4 41 36
11 79 18
10 40 45
2 93 16
-1 -1 -1
-1 -1 -1
12 68 11
9 98 45
2 33 0
