625 45 16
14 69 28
1 69 55
10 4 40
-1 -1 -1
3 71 6
12 23 68
-1 -1 -1
9 5 40
8 5 60
-1 -1 -1
12 37 60
0 94 27
-1 -1 -1
8 78 36
4 14 95
0 57 26
3 16 19
15 94 45
13 60 56
11 24 17
10 30 51
-1 -1 -1
-1 -1 -1
2 11 95
11 92 45
1 10 19
-1 -1 -1
-1 -1 -1
9 31 68
7 68 12
10 92 27
0 74 55
15 57 26
-1 -1 -1
7 8 40
6 65 48
-1 -1 -1
8 81 20
-1 -1 -1
-1 -1 -1
-1 -1 -1
5 15 90
6 99 8
-1 -1 -1
0 12 19
5 64 36
8 34 68
0 72 6
15 73 33
8 43 48
6 8 80
14 62 11
4 24 36
-1 -1 -1
13 83 33
-1 -1 -1
4 85 60
14 73 65
5 6 20
4 5 100
3 20 90
3 34 12
12 81 22
11 65 11
7 93 45
2 66 48
3 8 60
13 67 65
-1 -1 -1
2 6 40
12 63 39
-1 -1 -1
11 57 39
-1 -1 -1
-1 -1 -1
12 60 14
-1 -1 -1
15 4 19
11 50 28
10 76 44
10 66 39
-1 -1 -1
-1 -1 -1
11 45 30
7 84 20
-1 -1 -1
1 6 60
-1 -1 -1
6 97 18
14 16 95
6 87 50
2 18 18
10 61 56
10 56 75
1 16 18
9 40 30
-1 -1 -1
13 77 6
5 97 27
7 35 64
8 50 30
1 58 24
0 17 90
9 82 11
-1 -1 -1
7 47 60
6 41 32
8 88 33
12 90 6
13 9 95
15 5 54
-1 -1 -1
2 82 9
7 24 85
12 8 95
-1 -1 -1
6 6 17
7 74 55
-1 -1 -1
14 33 90
5 22 85
-1 -1 -1
5 79 40
4 45 85
3 28 85
2 20 34
13 20 18
-1 -1 -1
0 62 60
1 20 34
-1 -1 -1
2 60 10
0 5 100
6 47 30
15 1 40
14 8 60
13 5 20
12 3 20
-1 -1 -1
5 31 48
9 61 28
6 76 33
1 87 27
-1 -1 -1
9 66 65
4 58 64
1 79 40
5 36 15
0 82 20
3 58 80
0 92 18
5 71 33
-1 -1 -1
11 2 60
11 9 76
15 79 36
-1 -1 -1
4 95 22
4 64 45
15 64 36
14 83 24
0 23 85
8 99 6
3 73 45
12 17 36
2 33 60
-1 -1 -1
4 26 8
11 14 54
3 47 11
-1 -1 -1
13 79 48
1 36 30
15 23 17
-1 -1 -1
-1 -1 -1
8 66 65
3 63 8
12 69 60
0 52 75
8 58 70
10 6 95
2 25 64
10 24 54
9 7 57
11 60 48
2 98 16
14 42 68
15 40 45
-1 -1 -1
12 92 18
7 59 26
1 98 8
1 28 64
2 58 11
1 66 33
0 70 22
7 54 70
9 19 72
15 69 44
15 78 10
8 22 72
14 85 55
6 58 52
-1 -1 -1
13 53 22
14 94 10
12 77 44
10 71 12
6 52 14
11 64 11
-1 -1 -1
-1 -1 -1
-1 -1 -1
0 97 16
13 25 34
12 21 34
11 87 45
-1 -1 -1
10 1 60
14 58 30
13 42 60
9 1 80
-1 -1 -1
13 47 7
5 50 56
0 33 32
-1 -1 -1
15 32 64
7 19 18
-1 -1 -1
10 91 9
8 9 80
14 49 32
13 32 16
-1 -1 -1
6 23 72
-1 -1 -1
11 28 85
10 74 22
5 59 26
5 13 36
-1 -1 -1
12 52 75
12 32 80
11 36 48
9 94 45
4 75 65
9 79 33
7 89 36
4 29 90
8 13 19
9 71 24
8 84 44
3 19 18
6 74 8
13 89 40
10 40 80
-1 -1 -1
-1 -1 -1
8 74 48
9 43 64
7 64 48
-1 -1 -1
8 41 32
4 69 28
3 85 39
7 30 48
6 31 32
6 95 18
4 22 8
2 44 13
-1 -1 -1
6 63 24
7 4 80
5 89 27
3 48 8
-1 -1 -1
1 38 13
6 3 40
5 28 48
2 17 18
1 13 54
5 61 36
-1 -1 -1
5 5 20
0 14 54
-1 -1 -1
-1 -1 -1
3 33 14
4 3 40
10 16 17
9 27 68
0 45 26
4 82 36
3 3 100
2 42 28
4 54 64
2 93 40
11 43 30
12 88 7
-1 -1 -1
1 45 42
14 96 16
3 43 64
10 53 45
8 29 85
9 53 60
7 69 55
8 47 45
15 14 90
9 99 7
2 23 32
2 79 27
1 23 16
2 2 80
3 91 36
0 99 5
12 84 30
-1 -1 -1
14 28 90
1 3 60
7 42 75
-1 -1 -1
2 62 48
7 10 76
0 39 14
1 62 48
11 77 10
6 45 30
10 83 50
1 83 36
13 15 90
0 59 36
9 85 20
6 69 55
0 2 60
15 52 52
11 97 24
7 22 34
6 34 68
14 71 26
15 59 60
-1 -1 -1
15 43 70
-1 -1 -1
13 64 39
15 0 20
14 78 60
12 16 18
0 30 48
0 89 27
14 3 100
12 61 26
6 12 38
5 7 57
15 89 45
5 67 44
11 52 65
11 82 45
14 60 28
13 72 60
10 65 13
9 63 26
12 66 36
7 98 16
13 56 56
5 20 34
15 27 16
4 34 68
5 34 30
13 0 100
-1 -1 -1
12 57 42
11 18 90
8 63 39
14 46 48
4 41 45
11 26 12
8 92 50
3 67 60
10 18 90
4 90 55
13 30 32
9 15 72
4 62 6
4 10 76
12 27 80
-1 -1 -1
8 18 72
11 33 48
-1 -1 -1
9 90 36
-1 -1 -1
11 47 42
-1 -1 -1
7 18 18
2 89 32
-1 -1 -1
7 86 27
-1 -1 -1
3 11 95
-1 -1 -1
7 81 30
2 30 45
6 92 27
2 84 40
10 69 24
10 37 28
12 0 60
11 0 40
5 93 36
1 24 45
-1 -1 -1
9 75 48
2 74 45
9 57 56
0 37 30
15 36 60
14 54 60
13 37 75
12 47 75
8 72 24
10 33 48
1 60 9
-1 -1 -1
7 33 13
6 53 65
6 18 90
5 11 36
3 25 51
6 83 40
10 0 20
9 0 20
9 35 80
8 0 100
5 84 50
-1 -1 -1
7 61 36
11 39 60
4 19 54
-1 -1 -1
-1 -1 -1
5 54 65
1 93 40
3 17 18
0 84 45
-1 -1 -1
15 84 45
-1 -1 -1
-1 -1 -1
10 45 45
7 0 80
8 38 48
3 36 11
6 62 12
6 0 60
2 59 10
5 0 60
-1 -1 -1
4 71 52
1 74 50
13 98 16
2 16 18
9 50 45
8 52 56
2 19 17
-1 -1 -1
-1 -1 -1
12 96 32
1 11 36
-1 -1 -1
-1 -1 -1
-1 -1 -1
14 95 9
8 46 15
12 94 5
10 96 32
-1 -1 -1
7 29 16
6 38 48
1 17 51
-1 -1 -1
4 0 60
0 22 17
3 80 65
3 0 60
5 37 12
7 39 45
2 8 57
3 65 6
-1 -1 -1
6 43 30
0 79 30
2 49 65
7 51 42
5 27 16
5 39 75
4 50 64
4 80 24
15 76 20
2 45 33
1 53 11
14 90 40
1 9 19
0 13 18
1 99 6
15 19 68
6 49 42
13 86 30
12 83 10
14 38 68
3 38 80
5 45 70
4 67 28
4 38 30
-1 -1 -1
11 72 50
3 76 56
15 9 90
14 21 90
3 53 60
0 11 19
13 93 45
2 22 16
10 80 20
13 14 18
0 67 33
2 29 15
1 22 16
15 67 22
9 83 20
13 21 68
-1 -1 -1
8 97 7
1 32 60
0 35 30
3 88 36
12 19 34
14 26 11
15 28 30
14 51 45
13 46 11
-1 -1 -1
3 50 16
12 87 9
-1 -1 -1
-1 -1 -1
0 28 32
12 13 54
-1 -1 -1
-1 -1 -1
15 3 19
2 37 70
15 24 48
-1 -1 -1
8 56 10
1 40 70
14 11 95
11 13 18
0 43 28
12 74 33
7 79 20
-1 -1 -1
-1 -1 -1
13 6 57
14 0 32
10 11 90
-1 -1 -1
15 30 14
13 33 60
11 23 17
10 27 51
2 54 48
14 64 70
13 49 56
12 42 75
0 41 6
11 79 27
-1 -1 -1
10 88 27
-1 -1 -1
-1 -1 -1
9 10 90
1 49 52
0 48 39
12 4 76
9 24 51
6 79 40
-1 -1 -1
15 99 6
5 74 50
15 48 52
2 83 8
1 55 36
-1 -1 -1
9 87 18
4 97 30
8 26 51
-1 -1 -1
11 25 15
13 28 32
11 5 76
3 95 50
-1 -1 -1
2 0 40
11 68 44
1 0 60
10 72 22
8 14 72
7 14 72
10 49 60
9 47 45
2 70 30
-1 -1 -1
0 0 40
1 90 24
14 99 6
-1 -1 -1
6 14 72
-1 -1 -1
7 20 34
9 73 11
5 10 18
6 27 68
