625 45 16
14 44 28
1 75 55
3 0 40
-1 -1 -1
3 99 6
11 32 68
-1 -1 -1
8 0 40
9 0 60
-1 -1 -1
10 49 60
7 87 27
-1 -1 -1
6 76 36
1 10 95
9 75 26
0 9 19
8 92 45
9 69 56
7 21 17
6 34 51
-1 -1 -1
-1 -1 -1
12 9 95
13 89 45
11 9 19
-1 -1 -1
-1 -1 -1
2 33 68
1 38 12
8 84 27
3 80 55
0 62 26
-1 -1 -1
3 6 40
8 67 48
-1 -1 -1
8 79 20
-1 -1 -1
-1 -1 -1
-1 -1 -1
7 7 90
3 63 8
-1 -1 -1
13 5 19
8 72 36
11 28 68
8 99 6
13 75 33
1 33 48
6 8 80
1 47 11
15 17 36
2 97 16
14 67 33
7 98 16
5 84 60
8 51 65
10 3 20
1 0 100
10 11 90
0 41 12
12 39 22
12 76 11
10 90 45
13 66 48
10 0 60
8 58 65
-1 -1 -1
15 0 40
10 58 39
-1 -1 -1
7 50 39
-1 -1 -1
-1 -1 -1
15 50 14
-1 -1 -1
7 5 19
7 43 28
3 85 44
14 54 39
-1 -1 -1
15 95 32
10 37 30
5 98 20
-1 -1 -1
10 4 60
-1 -1 -1
11 82 18
2 8 95
13 84 50
12 15 18
12 52 56
0 52 75
15 7 18
1 40 30
-1 -1 -1
12 90 6
7 79 27
5 45 64
7 32 30
3 50 24
7 12 90
14 61 11
-1 -1 -1
14 40 60
6 37 32
14 64 33
-1 -1 -1
3 9 95
15 19 54
-1 -1 -1
15 89 9
8 20 85
5 20 95
4 97 16
7 17 17
10 69 55
-1 -1 -1
2 26 90
9 34 85
-1 -1 -1
9 96 40
12 19 85
13 15 85
14 22 34
10 16 18
14 84 40
15 63 60
2 31 34
-1 -1 -1
8 81 10
15 2 100
15 48 30
1 5 40
12 3 60
14 0 20
7 4 20
-1 -1 -1
0 28 48
15 54 28
15 70 33
11 84 27
-1 -1 -1
12 59 65
9 51 64
10 83 40
12 38 15
10 80 20
8 32 80
7 85 18
5 89 33
-1 -1 -1
0 0 60
4 9 76
1 87 36
-1 -1 -1
6 79 22
14 33 45
5 79 36
6 71 24
13 28 85
15 99 6
9 62 45
3 14 36
7 39 60
7 96 16
6 99 8
12 16 54
13 79 11
12 96 32
12 68 48
1 42 30
8 26 17
-1 -1 -1
-1 -1 -1
0 68 65
2 99 8
0 74 60
5 55 75
3 58 70
14 8 95
7 25 64
11 18 54
13 6 57
2 64 48
-1 -1 -1
4 33 68
9 55 45
-1 -1 -1
3 97 18
4 25 26
5 82 8
2 41 64
8 56 11
11 74 33
15 78 22
10 53 70
5 27 72
1 71 44
3 36 10
2 22 72
9 91 55
5 71 52
-1 -1 -1
2 76 22
4 80 10
4 70 44
9 73 12
6 56 14
0 50 11
-1 -1 -1
-1 -1 -1
-1 -1 -1
-1 -1 -1
1 28 34
0 22 34
13 94 45
-1 -1 -1
2 5 60
13 42 30
14 36 60
4 4 80
-1 -1 -1
8 90 7
14 46 56
6 39 32
-1 -1 -1
4 45 64
8 14 18
-1 -1 -1
14 62 9
11 5 80
15 29 32
14 26 16
-1 -1 -1
0 11 72
-1 -1 -1
6 28 85
11 72 22
1 62 26
5 25 36
-1 -1 -1
4 53 75
8 27 80
7 22 48
11 87 45
13 58 65
10 74 33
7 92 36
6 15 90
6 6 19
7 54 24
8 75 44
1 19 18
13 99 8
6 81 40
15 32 80
-1 -1 -1
-1 -1 -1
12 64 48
0 24 64
2 68 48
-1 -1 -1
1 30 32
10 46 28
13 63 39
2 37 48
4 20 32
7 90 18
14 99 8
7 53 13
-1 -1 -1
15 68 24
2 1 80
4 89 27
11 98 8
-1 -1 -1
2 63 13
11 0 40
5 39 48
5 2 18
6 25 54
7 61 36
-1 -1 -1
2 0 20
1 20 54
-1 -1 -1
-1 -1 -1
14 50 14
5 0 40
10 24 17
11 21 68
6 61 26
1 68 36
5 5 100
13 56 28
12 30 64
14 89 40
2 51 30
4 99 7
-1 -1 -1
8 48 42
0 97 16
13 33 64
0 43 45
15 22 85
13 44 60
5 93 55
12 42 45
9 29 90
8 82 7
14 24 32
0 90 27
2 40 16
6 1 80
6 68 36
-1 -1 -1
11 79 30
-1 -1 -1
6 20 90
9 3 60
6 46 75
-1 -1 -1
5 75 48
10 7 76
13 54 14
8 63 48
15 82 10
2 49 30
4 81 50
6 94 36
3 24 90
14 57 36
3 95 20
7 65 55
13 2 60
9 77 52
12 92 24
0 20 34
1 23 68
4 41 26
7 56 60
-1 -1 -1
5 64 70
-1 -1 -1
12 56 39
1 7 20
13 70 60
13 10 18
11 36 48
10 96 27
5 10 100
5 69 26
1 8 38
12 6 57
12 84 45
11 68 44
11 52 65
2 88 45
11 50 28
9 84 60
15 57 13
3 47 26
9 81 36
15 91 16
2 57 56
3 16 34
12 34 16
4 29 68
11 25 30
9 6 100
-1 -1 -1
15 51 42
3 19 90
11 57 39
13 24 48
8 42 45
10 68 12
2 81 50
7 35 60
2 17 90
15 73 55
15 37 32
1 15 72
0 99 6
15 9 76
0 31 80
-1 -1 -1
11 10 72
5 49 48
-1 -1 -1
0 93 36
-1 -1 -1
4 37 42
-1 -1 -1
13 9 18
-1 -1 -1
-1 -1 -1
11 92 27
-1 -1 -1
9 11 95
-1 -1 -1
4 77 30
3 41 45
8 87 27
-1 -1 -1
10 66 24
5 42 28
8 2 60
7 2 40
2 93 36
2 45 45
-1 -1 -1
4 66 48
14 79 45
12 48 56
1 36 30
0 36 60
15 39 60
13 49 75
13 37 75
2 74 24
6 41 48
6 98 9
-1 -1 -1
2 62 13
1 55 65
9 16 90
8 12 36
7 18 51
0 86 40
4 0 20
6 0 20
8 37 80
14 3 100
6 89 50
-1 -1 -1
11 60 36
10 40 60
6 12 54
-1 -1 -1
-1 -1 -1
15 58 65
1 95 40
7 6 18
15 84 45
-1 -1 -1
1 82 45
-1 -1 -1
-1 -1 -1
11 39 45
3 2 80
7 29 48
9 90 11
14 60 12
4 1 60
6 88 10
11 2 60
-1 -1 -1
1 64 52
0 81 50
11 96 16
12 14 18
12 35 45
6 57 56
8 25 17
-1 -1 -1
-1 -1 -1
1 91 32
14 13 36
-1 -1 -1
-1 -1 -1
-1 -1 -1
11 95 9
4 24 15
-1 -1 -1
14 94 32
-1 -1 -1
4 22 16
3 38 48
9 39 51
-1 -1 -1
0 3 60
10 25 17
6 63 65
8 5 60
4 43 12
5 52 45
0 6 57
8 97 6
-1 -1 -1
6 44 30
10 87 30
10 61 65
9 66 42
14 32 16
15 43 75
10 32 64
4 64 24
2 86 20
10 77 33
2 72 11
14 73 40
14 1 19
4 13 18
-1 -1 -1
12 24 68
1 44 42
14 70 30
11 77 10
13 20 68
9 46 80
1 49 70
0 48 28
3 33 30
-1 -1 -1
7 70 50
2 53 56
9 24 90
10 18 90
4 49 60
3 8 19
4 92 45
3 32 16
15 80 20
11 14 18
4 74 33
8 45 15
1 32 16
0 79 22
1 80 20
14 28 68
-1 -1 -1
3 65 7
9 58 60
10 44 30
11 63 36
15 27 34
7 64 11
11 42 30
3 44 45
0 46 11
-1 -1 -1
15 93 16
10 99 9
-1 -1 -1
-1 -1 -1
11 15 32
14 15 54
-1 -1 -1
-1 -1 -1
4 8 19
7 45 70
10 29 48
-1 -1 -1
1 60 10
4 58 70
5 15 95
0 15 18
11 48 28
2 78 33
12 82 20
-1 -1 -1
-1 -1 -1
8 9 57
9 21 32
4 14 90
-1 -1 -1
8 47 14
5 60 60
3 29 17
5 35 51
3 73 48
0 57 70
3 53 56
6 51 75
3 71 6
4 86 27
-1 -1 -1
7 82 27
-1 -1 -1
-1 -1 -1
8 15 90
0 64 52
14 51 39
15 13 76
9 43 51
7 75 40
-1 -1 -1
-1 -1 -1
3 89 50
3 67 52
15 90 8
3 77 36
-1 -1 -1
14 77 18
13 81 30
10 26 51
-1 -1 -1
8 46 15
3 30 32
2 13 76
12 77 50
-1 -1 -1
13 0 40
12 72 44
12 0 60
6 73 22
13 11 72
14 18 72
11 44 60
12 45 45
6 85 30
-1 -1 -1
7 0 40
-1 -1 -1
11 99 6
-1 -1 -1
0 16 72
-1 -1 -1
12 28 34
13 80 11
4 19 18
5 31 68
