14 69 0
1 69 1
10 4 2
x
3 71 4
12 23 5
x
9 5 7
8 5 8
x
12 37 10
0 94 11
x
8 78 13
4 14 14
0 57 15
3 16 16
15 94 17
13 60 18
11 24 19
10 30 20
x
x
2 11 23
11 92 24
1 10 25
x
x
9 31 28
7 68 29
10 92 30
0 74 31
15 57 32
x
7 8 34
6 65 35
x
8 81 37
x
x
x
5 15 41
6 99 42
x
0 12 44
5 64 0
8 34 1
0 72 2
15 73 3
8 43 4
6 8 5
14 62 6
4 24 7
x
13 83 9
x
4 85 11
14 73 12
5 6 13
4 5 14
3 20 15
3 34 16
12 81 17
11 65 18
7 93 19
2 66 20
3 8 21
13 67 22
x
2 6 24
12 63 25
x
11 57 27
x
x
12 60 30
x
15 4 32
11 50 33
10 76 34
10 66 35
x
x
11 45 38
7 84 39
x
1 6 41
x
6 97 43
14 16 44
6 87 0
2 18 1
10 61 2
10 56 3
1 16 4
9 40 5
x
13 77 7
5 97 8
7 35 9
8 50 10
1 58 11
0 17 12
9 82 13
x
7 47 15
6 41 16
8 88 17
12 90 18
13 9 19
15 5 20
x
2 82 22
7 24 23
12 8 24
x
6 6 26
7 74 27
x
14 33 29
5 22 30
x
5 79 32
4 45 33
3 28 34
2 20 35
13 20 36
x
0 62 38
1 20 39
x
2 60 41
0 5 42
6 47 43
15 1 44
14 8 0
13 5 1
12 3 2
x
5 31 4
9 61 5
6 76 6
1 87 7
x
9 66 9
4 58 10
1 79 11
5 36 12
0 82 13
3 58 14
0 92 15
5 71 16
x
11 2 18
11 9 19
15 79 20
x
4 95 22
4 64 23
15 64 24
14 83 25
0 23 26
8 99 27
3 73 28
12 17 29
2 33 30
x
4 26 32
11 14 33
3 47 34
x
13 79 36
1 36 37
15 23 38
x
x
8 66 41
3 63 42
12 69 43
0 52 44
8 58 0
10 6 1
2 25 2
10 24 3
9 7 4
11 60 5
2 98 6
14 42 7
15 40 8
x
12 92 10
7 59 11
1 98 12
1 28 13
2 58 14
1 66 15
0 70 16
7 54 17
9 19 18
15 69 19
15 78 20
8 22 21
14 85 22
6 58 23
x
13 53 25
14 94 26
12 77 27
10 71 28
6 52 29
11 64 30
x
x
x
0 97 34
13 25 35
12 21 36
11 87 37
x
10 1 39
14 58 40
13 42 41
9 1 42
x
13 47 44
5 50 0
0 33 1
x
15 32 3
7 19 4
x
10 91 6
8 9 7
14 49 8
13 32 9
x
6 23 11
x
11 28 13
10 74 14
5 59 15
5 13 16
x
12 52 18
12 32 19
11 36 20
9 94 21
4 75 22
9 79 23
7 89 24
4 29 25
8 13 26
9 71 27
8 84 28
3 19 29
6 74 30
13 89 31
10 40 32
x
x
8 74 35
9 43 36
7 64 37
x
8 41 39
4 69 40
3 85 41
7 30 42
6 31 43
6 95 44
4 22 0
2 44 1
x
6 63 3
7 4 4
5 89 5
3 48 6
x
1 38 8
6 3 9
5 28 10
2 17 11
1 13 12
5 61 13
x
5 5 15
0 14 16
x
x
3 33 19
4 3 20
10 16 21
9 27 22
0 45 23
4 82 24
3 3 25
2 42 26
4 54 27
2 93 28
11 43 29
12 88 30
x
1 45 32
14 96 33
3 43 34
10 53 35
8 29 36
9 53 37
7 69 38
8 47 39
15 14 40
9 99 41
2 23 42
2 79 43
1 23 44
2 2 0
3 91 1
0 99 2
12 84 3
x
14 28 5
1 3 6
7 42 7
x
2 62 9
7 10 10
0 39 11
1 62 12
11 77 13
6 45 14
10 83 15
1 83 16
13 15 17
0 59 18
9 85 19
6 69 20
0 2 21
15 52 22
11 97 23
7 22 24
6 34 25
14 71 26
15 59 27
x
15 43 29
x
13 64 31
15 0 32
14 78 33
12 16 34
0 30 35
0 89 36
14 3 37
12 61 38
6 12 39
5 7 40
15 89 41
5 67 42
11 52 43
11 82 44
14 60 0
13 72 1
10 65 2
9 63 3
12 66 4
7 98 5
13 56 6
5 20 7
15 27 8
4 34 9
5 34 10
13 0 11
x
12 57 13
11 18 14
8 63 15
14 46 16
4 41 17
11 26 18
8 92 19
3 67 20
10 18 21
4 90 22
13 30 23
9 15 24
4 62 25
4 10 26
12 27 27
x
8 18 29
11 33 30
x
9 90 32
x
11 47 34
x
7 18 36
2 89 37
x
7 86 39
x
3 11 41
x
7 81 43
2 30 44
6 92 0
2 84 1
10 69 2
10 37 3
12 0 4
11 0 5
5 93 6
1 24 7
x
9 75 9
2 74 10
9 57 11
0 37 12
15 36 13
14 54 14
13 37 15
12 47 16
8 72 17
10 33 18
1 60 19
x
7 33 21
6 53 22
6 18 23
5 11 24
3 25 25
6 83 26
10 0 27
9 0 28
9 35 29
8 0 30
5 84 31
x
7 61 33
11 39 34
4 19 35
x
x
5 54 38
1 93 39
3 17 40
0 84 41
x
15 84 43
x
x
10 45 1
7 0 2
8 38 3
3 36 4
6 62 5
6 0 6
2 59 7
5 0 8
x
4 71 10
1 74 11
13 98 12
2 16 13
9 50 14
8 52 15
2 19 16
x
x
12 96 19
1 11 20
x
x
x
14 95 24
8 46 25
12 94 26
10 96 27
x
7 29 29
6 38 30
1 17 31
x
4 0 33
0 22 34
3 80 35
3 0 36
5 37 37
7 39 38
2 8 39
3 65 40
x
6 43 42
0 79 43
2 49 44
7 51 0
5 27 1
5 39 2
4 50 3
4 80 4
15 76 5
2 45 6
1 53 7
14 90 8
1 9 9
0 13 10
1 99 11
15 19 12
6 49 13
13 86 14
12 83 15
14 38 16
3 38 17
5 45 18
4 67 19
4 38 20
x
11 72 22
3 76 23
15 9 24
14 21 25
3 53 26
0 11 27
13 93 28
2 22 29
10 80 30
13 14 31
0 67 32
2 29 33
1 22 34
15 67 35
9 83 36
13 21 37
x
8 97 39
1 32 40
0 35 41
3 88 42
12 19 43
14 26 44
15 28 0
14 51 1
13 46 2
x
3 50 4
12 87 5
x
x
0 28 8
12 13 9
x
x
15 3 12
2 37 13
15 24 14
x
8 56 16
1 40 17
14 11 18
11 13 19
0 43 20
12 74 21
7 79 22
x
x
13 6 25
14 0 26
10 11 27
x
15 30 29
13 33 30
11 23 31
10 27 32
2 54 33
14 64 34
13 49 35
12 42 36
0 41 37
11 79 38
x
10 88 40
x
x
9 10 43
1 49 44
0 48 0
12 4 1
9 24 2
6 79 3
x
15 99 5
5 74 6
15 48 7
2 83 8
1 55 9
x
9 87 11
4 97 12
8 26 13
x
11 25 15
13 28 16
11 5 17
3 95 18
x
2 0 20
11 68 21
1 0 22
10 72 23
8 14 24
7 14 25
10 49 26
9 47 27
2 70 28
x
0 0 30
1 90 31
14 99 32
x
6 14 34
x
7 20 36
9 73 37
5 10 38
6 27 39
