14 69 21
1 69 17
10 4 17
x
3 71 5
12 23 34
x
9 5 25
8 5 29
x
12 37 9
0 94 8
x
8 78 20
4 14 31
0 57 26
3 16 17
15 94 24
13 60 30
11 24 24
10 30 38
x
x
2 11 6
11 92 25
1 10 29
x
x
9 31 27
7 68 28
10 92 16
0 74 14
15 57 1
x
7 8 12
6 65 40
x
8 81 41
x
x
x
5 15 28
6 99 2
x
0 12 12
5 64 18
8 34 14
0 72 23
15 73 37
8 43 28
6 8 44
14 62 26
4 24 26
x
13 83 11
x
4 85 41
14 73 9
5 6 40
4 5 30
3 20 30
3 34 20
12 81 15
11 65 34
7 93 4
2 66 2
3 8 2
13 67 25
x
2 6 32
12 63 36
x
11 57 6
x
x
12 60 25
x
15 4 35
11 50 8
10 76 9
10 66 8
x
x
11 45 31
7 84 13
x
1 6 34
x
6 97 18
14 16 2
6 87 5
2 18 26
10 61 23
10 56 1
1 16 22
9 40 42
x
13 77 32
5 97 31
7 35 34
8 50 12
1 58 0
0 17 4
9 82 40
x
7 47 38
6 41 38
8 88 10
12 90 16
13 9 16
15 5 27
x
2 82 38
7 24 7
12 8 3
x
6 6 31
7 74 37
x
14 33 5
5 22 3
x
5 79 22
4 45 33
3 28 41
2 20 39
13 20 29
x
0 62 27
1 20 41
x
2 60 20
0 5 21
6 47 17
15 1 15
14 8 12
13 5 23
12 3 42
x
5 31 6
9 61 15
6 76 20
1 87 15
x
9 66 31
4 58 39
1 79 13
5 36 42
0 82 1
3 58 0
0 92 22
5 71 8
x
11 2 33
11 9 39
15 79 31
x
4 95 19
4 64 28
15 64 17
14 83 23
0 23 43
8 99 36
3 73 22
12 17 8
2 33 33
x
4 26 18
11 14 44
3 47 34
x
13 79 7
1 36 19
15 23 18
x
x
8 66 27
3 63 40
12 69 40
0 52 19
8 58 26
10 6 10
2 25 25
10 24 34
9 7 26
11 60 11
2 98 31
14 42 8
15 40 42
x
12 92 2
7 59 2
1 98 10
1 28 24
2 58 24
1 66 40
0 70 35
7 54 39
9 19 28
15 69 4
15 78 36
8 22 25
14 85 13
6 58 36
x
13 53 21
14 94 27
12 77 6
10 71 22
6 52 14
11 64 38
x
x
x
0 97 0
13 25 35
12 21 12
11 87 22
x
10 1 20
14 58 19
13 42 26
9 1 19
x
13 47 19
5 50 36
0 33 9
x
15 32 20
7 19 0
x
10 91 35
8 9 15
14 49 18
13 32 36
x
6 23 19
x
11 28 19
10 74 44
5 59 13
5 13 12
x
12 52 33
12 32 41
11 36 3
9 94 13
4 75 36
9 79 1
7 89 11
4 29 32
8 13 37
9 71 20
8 84 13
3 19 9
6 74 3
13 89 31
10 40 12
x
x
8 74 23
9 43 14
7 64 33
x
8 41 11
4 69 20
3 85 33
7 30 40
6 31 37
6 95 41
4 22 17
2 44 17
x
6 63 35
7 4 35
5 89 17
3 48 23
x
1 38 12
6 3 10
5 28 25
2 17 13
1 13 27
5 61 2
x
5 5 39
0 14 30
x
x
3 33 38
4 3 27
10 16 11
9 27 23
0 45 13
4 82 25
3 3 15
2 42 41
4 54 38
2 93 35
11 43 4
12 88 13
x
1 45 3
14 96 24
3 43 31
10 53 21
8 29 18
9 53 30
7 69 41
8 47 43
15 14 23
9 99 33
2 23 16
2 79 9
1 23 32
2 2 7
3 91 11
0 99 25
12 84 18
x
14 28 4
1 3 30
7 42 36
x
2 62 18
7 10 6
0 39 32
1 62 31
11 77 43
6 45 11
10 83 27
1 83 9
13 15 24
0 59 5
9 85 11
6 69 29
0 2 34
15 52 34
11 97 37
7 22 10
6 34 39
14 71 22
15 59 38
x
15 43 41
x
13 64 18
15 0 26
14 78 11
12 16 1
0 30 38
0 89 37
14 3 0
12 61 7
6 12 12
5 7 7
15 89 9
5 67 16
11 52 16
11 82 18
14 60 20
13 72 0
10 65 33
9 63 18
12 66 10
7 98 22
13 56 15
5 20 35
15 27 22
4 34 35
5 34 37
13 0 13
x
12 57 32
11 18 14
8 63 42
14 46 14
4 41 29
11 26 27
8 92 44
3 67 25
10 18 29
4 90 42
13 30 20
9 15 29
4 62 16
4 10 34
12 27 4
x
8 18 24
11 33 28
x
9 90 2
x
11 47 2
x
7 18 43
2 89 15
x
7 86 1
x
3 11 42
x
7 81 42
2 30 1
6 92 33
2 84 22
10 69 19
10 37 32
12 0 5
11 0 26
5 93 1
1 24 37
x
9 75 16
2 74 12
9 57 43
0 37 17
15 36 30
14 54 10
13 37 1
12 47 17
8 72 40
10 33 24
1 60 1
x
7 33 23
6 53 8
6 18 6
5 11 26
3 25 14
6 83 34
10 0 4
9 0 10
9 35 21
8 0 17
5 84 33
x
7 61 32
11 39 32
4 19 43
x
x
5 54 10
1 93 11
3 17 21
0 84 20
x
15 84 40
x
x
10 45 37
7 0 8
8 38 22
3 36 1
6 62 7
6 0 27
2 59 42
5 0 44
x
4 71 44
1 74 20
13 98 8
2 16 11
9 50 24
8 52 19
2 19 37
x
x
12 96 20
1 11 38
x
x
x
14 95 28
8 46 38
12 94 0
10 96 28
x
7 29 30
6 38 23
1 17 8
x
4 0 40
0 22 16
3 80 26
3 0 18
5 37 24
7 39 3
2 8 23
3 65 12
x
6 43 4
0 79 40
2 49 36
7 51 5
5 27 15
5 39 11
4 50 37
4 80 21
15 76 6
2 45 0
1 53 43
14 90 16
1 9 39
0 13 18
1 99 18
15 19 5
6 49 9
13 86 10
12 83 22
14 38 7
3 38 43
5 45 29
4 67 22
4 38 23
x
11 72 7
3 76 7
15 9 0
14 21 3
3 53 3
0 11 2
13 93 14
2 22 8
10 80 6
13 14 27
0 67 15
2 29 5
1 22 35
15 67 12
9 83 32
13 21 22
x
8 97 9
1 32 42
0 35 39
3 88 4
12 19 11
14 26 25
15 28 8
14 51 15
13 46 28
x
3 50 37
12 87 24
x
x
0 28 41
12 13 39
x
x
15 3 2
2 37 44
15 24 21
x
8 56 39
1 40 14
14 11 1
11 13 9
0 43 31
12 74 35
7 79 31
x
x
13 6 42
14 0 17
10 11 36
x
15 30 25
13 33 43
11 23 21
10 27 40
2 54 10
14 64 6
13 49 2
12 42 38
0 41 33
11 79 17
x
10 88 39
x
x
9 10 44
1 49 5
0 48 42
12 4 37
9 24 0
6 79 21
x
15 99 7
5 74 32
15 48 43
2 83 3
1 55 26
x
9 87 12
4 97 24
8 26 21
x
11 25 40
13 28 12
11 5 13
3 95 35
x
2 0 29
11 68 35
1 0 28
10 72 13
8 14 16
7 14 9
10 49 5
9 47 22
2 70 40
x
0 0 24
1 90 16
14 99 29
x
6 14 32
x
7 20 20
9 73 5
5 10 9
6 27 28
